0
ConfusionMatrix
  a  b  c  d  e  f  g  h  i  j  k  l  m  n  o  p  q   <-- classified as
 3.0 0.0 0.0 0.0 0.0 0.0 0.0 0.0 0.0 0.0 1.0 0.0 0.0 0.0 1.0 0.0 0.0 |  a = Réplica
 0.0 4.0 0.0 0.0 0.0 1.0 0.0 0.0 0.0 0.0 0.0 0.0 0.0 0.0 1.0 0.0 0.0 |  b = Conferência
 0.0 1.0 19.0 0.0 0.0 0.0 0.0 0.0 0.0 1.0 0.0 0.0 1.0 0.0 4.0 0.0 1.0 |  c = Ciência
 0.0 0.0 0.0 0.0 0.0 0.0 0.0 0.0 0.0 0.0 0.0 0.0 0.0 0.0 0.0 0.0 0.0 |  d = Providência
 1.0 3.0 6.0 0.0 16.0 2.0 2.0 2.0 0.0 1.0 4.0 0.0 1.0 2.0 4.0 6.0 0.0 |  e = Manifestação
 0.0 0.0 0.0 0.0 0.0 5.0 0.0 0.0 0.0 0.0 0.0 0.0 0.0 0.0 0.0 0.0 0.0 |  f = Instrução_e_Prot._de_RPV
 0.0 0.0 0.0 0.0 0.0 0.0 4.0 0.0 0.0 0.0 0.0 0.0 0.0 0.0 0.0 0.0 0.0 |  g = Juntar_Guia
 0.0 0.0 0.0 0.0 0.0 0.0 0.0 11.0 0.0 0.0 0.0 0.0 0.0 0.0 0.0 0.0 0.0 |  h = Devolução_de_Autos
 0.0 0.0 0.0 0.0 0.0 0.0 0.0 0.0 15.0 0.0 0.0 0.0 0.0 0.0 0.0 0.0 0.0 |  i = Agravo_Legal_Regimental
 0.0 0.0 0.0 0.0 0.0 0.0 0.0 0.0 0.0 9.0 2.0 0.0 0.0 0.0 0.0 0.0 0.0 |  j = Impugnação
 0.0 0.0 0.0 0.0 0.0 0.0 0.0 0.0 0.0 0.0 5.0 0.0 0.0 0.0 0.0 0.0 0.0 |  k = Enviado_para_protocolo
 0.0 0.0 0.0 0.0 0.0 0.0 0.0 0.0 1.0 0.0 0.0 13.0 0.0 0.0 0.0 1.0 0.0 |  l = Apelação
 1.0 0.0 2.0 0.0 0.0 0.0 0.0 0.0 0.0 0.0 0.0 2.0 5.0 1.0 1.0 2.0 0.0 |  m = Análise
 0.0 1.0 0.0 1.0 0.0 1.0 0.0 0.0 0.0 0.0 0.0 0.0 0.0 2.0 1.0 0.0 0.0 |  n = Verificação
 1.0 0.0 4.0 0.0 1.0 1.0 0.0 0.0 0.0 0.0 0.0 1.0 0.0 0.0 10.0 0.0 0.0 |  o = Ciência_e_Providências
 1.0 1.0 0.0 1.0 2.0 3.0 1.0 0.0 0.0 0.0 12.0 2.0 1.0 1.0 4.0 21.0 0.0 |  p = Parecer
 0.0 0.0 0.0 0.0 0.0 0.0 0.0 0.0 2.0 0.0 0.0 1.0 2.0 0.0 0.0 0.0 12.0 |  q = Embargos_de_Declaração

Summary
Correctly Classified Instances     154.0     59.0 %
Incorrectly Classified Instances   105.0     40.0 %
Kappa statistic                    0.5599656969030129
Total Number of Instances          259



1
ConfusionMatrix
  a  b  c  d  e  f  g  h  i  j  k  l  m  n  o  p  q   <-- classified as
 4.0 0.0 0.0 0.0 0.0 0.0 0.0 0.0 0.0 0.0 0.0 0.0 0.0 0.0 0.0 0.0 0.0 |  a = Réplica
 0.0 4.0 0.0 0.0 0.0 0.0 1.0 0.0 0.0 0.0 0.0 0.0 0.0 0.0 2.0 0.0 0.0 |  b = Conferência
 0.0 1.0 22.0 0.0 0.0 0.0 0.0 0.0 0.0 0.0 0.0 1.0 0.0 0.0 2.0 0.0 0.0 |  c = Ciência
 0.0 0.0 1.0 0.0 0.0 0.0 0.0 0.0 0.0 0.0 0.0 0.0 0.0 0.0 0.0 0.0 0.0 |  d = Providência
 0.0 2.0 7.0 0.0 19.0 1.0 3.0 2.0 1.0 1.0 3.0 2.0 2.0 0.0 3.0 4.0 0.0 |  e = Manifestação
 0.0 0.0 0.0 0.0 0.0 5.0 0.0 0.0 0.0 0.0 0.0 0.0 0.0 0.0 0.0 0.0 0.0 |  f = Instrução_e_Prot._de_RPV
 0.0 0.0 0.0 0.0 0.0 0.0 3.0 0.0 0.0 0.0 0.0 0.0 0.0 0.0 1.0 0.0 0.0 |  g = Juntar_Guia
 0.0 0.0 0.0 0.0 0.0 0.0 0.0 11.0 0.0 0.0 0.0 0.0 0.0 0.0 0.0 0.0 0.0 |  h = Devolução_de_Autos
 0.0 0.0 0.0 0.0 0.0 0.0 0.0 0.0 15.0 0.0 0.0 0.0 0.0 0.0 0.0 0.0 0.0 |  i = Agravo_Legal_Regimental
 0.0 0.0 3.0 0.0 0.0 0.0 0.0 0.0 0.0 6.0 1.0 0.0 0.0 0.0 0.0 1.0 0.0 |  j = Impugnação
 0.0 0.0 0.0 0.0 0.0 0.0 0.0 0.0 0.0 0.0 5.0 0.0 0.0 0.0 0.0 0.0 0.0 |  k = Enviado_para_protocolo
 0.0 0.0 0.0 0.0 0.0 0.0 0.0 0.0 0.0 0.0 0.0 15.0 0.0 0.0 0.0 0.0 0.0 |  l = Apelação
 0.0 0.0 0.0 0.0 1.0 0.0 0.0 1.0 0.0 0.0 0.0 2.0 6.0 0.0 4.0 0.0 0.0 |  m = Análise
 0.0 0.0 0.0 0.0 0.0 0.0 0.0 0.0 0.0 0.0 0.0 0.0 2.0 3.0 1.0 0.0 0.0 |  n = Verificação
 0.0 3.0 6.0 0.0 0.0 0.0 0.0 0.0 0.0 0.0 0.0 0.0 0.0 0.0 9.0 0.0 0.0 |  o = Ciência_e_Providências
 0.0 2.0 4.0 0.0 3.0 1.0 4.0 0.0 1.0 0.0 5.0 5.0 0.0 1.0 2.0 22.0 0.0 |  p = Parecer
 1.0 1.0 1.0 0.0 0.0 1.0 1.0 1.0 1.0 1.0 0.0 4.0 0.0 0.0 0.0 0.0 5.0 |  q = Embargos_de_Declaração

Summary
Correctly Classified Instances     154.0     59.0 %
Incorrectly Classified Instances   105.0     40.0 %
Kappa statistic                    0.5580132945440361
Total Number of Instances          259



2
ConfusionMatrix
  a  b  c  d  e  f  g  h  i  j  k  l  m  n  o  p  q   <-- classified as
 4.0 0.0 0.0 0.0 0.0 0.0 0.0 0.0 0.0 0.0 0.0 0.0 0.0 0.0 0.0 0.0 0.0 |  a = Réplica
 0.0 4.0 0.0 1.0 0.0 0.0 1.0 0.0 0.0 0.0 0.0 0.0 0.0 0.0 1.0 0.0 0.0 |  b = Conferência
 0.0 1.0 18.0 0.0 0.0 0.0 0.0 0.0 0.0 2.0 1.0 0.0 0.0 0.0 3.0 1.0 0.0 |  c = Ciência
 0.0 0.0 0.0 0.0 0.0 0.0 0.0 0.0 0.0 0.0 0.0 0.0 0.0 0.0 0.0 0.0 0.0 |  d = Providência
 1.0 5.0 7.0 0.0 14.0 3.0 3.0 0.0 0.0 2.0 4.0 0.0 1.0 1.0 4.0 6.0 0.0 |  e = Manifestação
 0.0 0.0 0.0 0.0 0.0 4.0 0.0 0.0 0.0 0.0 0.0 0.0 0.0 0.0 0.0 1.0 0.0 |  f = Instrução_e_Prot._de_RPV
 0.0 0.0 0.0 0.0 0.0 0.0 4.0 0.0 0.0 0.0 0.0 0.0 0.0 0.0 0.0 0.0 0.0 |  g = Juntar_Guia
 0.0 0.0 0.0 0.0 0.0 0.0 0.0 11.0 0.0 0.0 0.0 0.0 0.0 0.0 0.0 0.0 0.0 |  h = Devolução_de_Autos
 0.0 0.0 0.0 0.0 0.0 0.0 0.0 0.0 10.0 0.0 0.0 1.0 1.0 0.0 1.0 2.0 0.0 |  i = Agravo_Legal_Regimental
 0.0 0.0 1.0 0.0 1.0 0.0 0.0 0.0 0.0 8.0 1.0 0.0 0.0 0.0 0.0 0.0 0.0 |  j = Impugnação
 0.0 0.0 0.0 0.0 0.0 0.0 0.0 0.0 0.0 0.0 4.0 0.0 0.0 1.0 0.0 0.0 0.0 |  k = Enviado_para_protocolo
 0.0 0.0 0.0 0.0 0.0 0.0 0.0 0.0 1.0 0.0 0.0 10.0 1.0 1.0 0.0 2.0 0.0 |  l = Apelação
 1.0 0.0 1.0 0.0 0.0 0.0 0.0 0.0 1.0 1.0 0.0 0.0 6.0 3.0 0.0 0.0 1.0 |  m = Análise
 0.0 0.0 0.0 0.0 1.0 0.0 0.0 0.0 0.0 0.0 0.0 0.0 0.0 3.0 1.0 0.0 0.0 |  n = Verificação
 1.0 2.0 3.0 0.0 0.0 0.0 0.0 0.0 0.0 0.0 0.0 1.0 3.0 0.0 9.0 0.0 0.0 |  o = Ciência_e_Providências
 0.0 2.0 6.0 2.0 5.0 1.0 0.0 1.0 0.0 0.0 3.0 3.0 1.0 1.0 0.0 25.0 0.0 |  p = Parecer
 3.0 0.0 3.0 0.0 0.0 0.0 0.0 0.0 2.0 0.0 0.0 0.0 1.0 0.0 2.0 0.0 6.0 |  q = Embargos_de_Declaração

Summary
Correctly Classified Instances     140.0     54.0 %
Incorrectly Classified Instances   119.0     45.0 %
Kappa statistic                    0.4980047885075819
Total Number of Instances          259



3
ConfusionMatrix
  a  b  c  d  e  f  g  h  i  j  k  l  m  n  o  p  q   <-- classified as
 4.0 0.0 0.0 0.0 0.0 0.0 0.0 0.0 0.0 0.0 0.0 0.0 0.0 0.0 0.0 0.0 0.0 |  a = Réplica
 0.0 4.0 1.0 0.0 0.0 0.0 0.0 0.0 0.0 0.0 0.0 0.0 1.0 0.0 1.0 0.0 0.0 |  b = Conferência
 2.0 0.0 18.0 0.0 0.0 0.0 0.0 0.0 1.0 0.0 1.0 0.0 2.0 0.0 2.0 0.0 0.0 |  c = Ciência
 0.0 0.0 0.0 0.0 0.0 0.0 0.0 0.0 0.0 0.0 0.0 0.0 0.0 0.0 0.0 0.0 0.0 |  d = Providência
 0.0 0.0 11.0 0.0 15.0 2.0 1.0 1.0 1.0 0.0 3.0 0.0 2.0 1.0 8.0 5.0 0.0 |  e = Manifestação
 0.0 0.0 2.0 0.0 0.0 4.0 0.0 0.0 0.0 0.0 0.0 0.0 0.0 0.0 0.0 0.0 0.0 |  f = Instrução_e_Prot._de_RPV
 0.0 0.0 0.0 0.0 0.0 0.0 4.0 0.0 0.0 0.0 0.0 0.0 0.0 0.0 0.0 0.0 0.0 |  g = Juntar_Guia
 0.0 0.0 0.0 1.0 0.0 0.0 0.0 10.0 0.0 0.0 0.0 0.0 0.0 0.0 0.0 0.0 0.0 |  h = Devolução_de_Autos
 0.0 0.0 0.0 0.0 0.0 0.0 0.0 0.0 13.0 0.0 0.0 0.0 1.0 1.0 0.0 0.0 0.0 |  i = Agravo_Legal_Regimental
 0.0 0.0 0.0 0.0 0.0 0.0 0.0 0.0 0.0 9.0 2.0 0.0 0.0 0.0 0.0 0.0 0.0 |  j = Impugnação
 0.0 0.0 0.0 0.0 0.0 0.0 0.0 0.0 0.0 0.0 5.0 0.0 0.0 0.0 0.0 0.0 0.0 |  k = Enviado_para_protocolo
 0.0 0.0 0.0 0.0 0.0 0.0 0.0 0.0 0.0 0.0 0.0 14.0 1.0 0.0 0.0 0.0 0.0 |  l = Apelação
 0.0 2.0 3.0 0.0 0.0 1.0 0.0 0.0 0.0 0.0 0.0 0.0 4.0 0.0 3.0 1.0 0.0 |  m = Análise
 0.0 1.0 1.0 0.0 0.0 0.0 0.0 0.0 0.0 0.0 0.0 0.0 0.0 3.0 0.0 0.0 0.0 |  n = Verificação
 0.0 1.0 8.0 0.0 0.0 0.0 0.0 0.0 0.0 0.0 0.0 0.0 0.0 0.0 10.0 0.0 0.0 |  o = Ciência_e_Providências
 0.0 7.0 7.0 0.0 3.0 0.0 2.0 1.0 2.0 1.0 1.0 4.0 1.0 0.0 0.0 21.0 0.0 |  p = Parecer
 0.0 0.0 3.0 0.0 0.0 0.0 0.0 0.0 3.0 0.0 1.0 1.0 1.0 0.0 0.0 1.0 7.0 |  q = Embargos_de_Declaração

Summary
Correctly Classified Instances     145.0     55.0 %
Incorrectly Classified Instances   114.0     44.0 %
Kappa statistic                    0.5199336628511967
Total Number of Instances          259



4
ConfusionMatrix
  a  b  c  d  e  f  g  h  i  j  k  l  m  n  o  p  q   <-- classified as
 3.0 0.0 0.0 0.0 0.0 0.0 0.0 0.0 0.0 0.0 1.0 0.0 0.0 0.0 0.0 0.0 0.0 |  a = Réplica
 0.0 5.0 0.0 0.0 0.0 2.0 0.0 0.0 0.0 0.0 0.0 0.0 0.0 0.0 0.0 0.0 0.0 |  b = Conferência
 0.0 1.0 17.0 0.0 0.0 1.0 0.0 0.0 1.0 0.0 0.0 0.0 0.0 1.0 3.0 2.0 0.0 |  c = Ciência
 0.0 0.0 0.0 0.0 0.0 0.0 0.0 0.0 0.0 0.0 0.0 0.0 0.0 0.0 0.0 0.0 0.0 |  d = Providência
 0.0 4.0 3.0 0.0 20.0 1.0 3.0 2.0 0.0 0.0 4.0 0.0 2.0 0.0 9.0 1.0 1.0 |  e = Manifestação
 0.0 0.0 1.0 0.0 0.0 4.0 0.0 0.0 0.0 0.0 0.0 0.0 0.0 0.0 1.0 0.0 0.0 |  f = Instrução_e_Prot._de_RPV
 0.0 0.0 1.0 0.0 0.0 1.0 2.0 0.0 0.0 0.0 0.0 0.0 0.0 0.0 0.0 0.0 0.0 |  g = Juntar_Guia
 0.0 0.0 0.0 0.0 0.0 0.0 0.0 11.0 0.0 0.0 0.0 0.0 0.0 0.0 0.0 0.0 0.0 |  h = Devolução_de_Autos
 0.0 0.0 0.0 0.0 1.0 0.0 1.0 0.0 12.0 1.0 0.0 0.0 0.0 0.0 0.0 0.0 0.0 |  i = Agravo_Legal_Regimental
 0.0 0.0 0.0 0.0 0.0 0.0 0.0 0.0 0.0 9.0 2.0 0.0 0.0 0.0 0.0 0.0 0.0 |  j = Impugnação
 0.0 0.0 0.0 0.0 0.0 0.0 0.0 0.0 0.0 0.0 4.0 0.0 0.0 0.0 0.0 1.0 0.0 |  k = Enviado_para_protocolo
 1.0 0.0 0.0 0.0 0.0 0.0 0.0 0.0 0.0 0.0 0.0 13.0 0.0 0.0 0.0 0.0 1.0 |  l = Apelação
 1.0 0.0 1.0 0.0 0.0 0.0 1.0 0.0 0.0 0.0 0.0 1.0 5.0 2.0 1.0 1.0 1.0 |  m = Análise
 0.0 0.0 1.0 0.0 0.0 0.0 0.0 0.0 0.0 0.0 0.0 0.0 0.0 4.0 0.0 0.0 0.0 |  n = Verificação
 1.0 1.0 4.0 0.0 1.0 0.0 0.0 1.0 0.0 0.0 0.0 0.0 0.0 0.0 10.0 1.0 0.0 |  o = Ciência_e_Providências
 0.0 1.0 4.0 2.0 5.0 4.0 0.0 0.0 0.0 1.0 1.0 1.0 0.0 2.0 2.0 27.0 0.0 |  p = Parecer
 0.0 1.0 0.0 0.0 0.0 0.0 0.0 0.0 3.0 0.0 1.0 3.0 1.0 0.0 0.0 1.0 7.0 |  q = Embargos_de_Declaração

Summary
Correctly Classified Instances     153.0     59.0 %
Incorrectly Classified Instances   106.0     40.0 %
Kappa statistic                    0.5521881677459345
Total Number of Instances          259



5
ConfusionMatrix
  a  b  c  d  e  f  g  h  i  j  k  l  m  n  o  p  q   <-- classified as
 4.0 0.0 0.0 0.0 0.0 0.0 0.0 0.0 0.0 0.0 0.0 0.0 0.0 0.0 0.0 0.0 0.0 |  a = Réplica
 0.0 5.0 0.0 0.0 0.0 0.0 0.0 0.0 0.0 0.0 0.0 0.0 0.0 0.0 2.0 0.0 0.0 |  b = Conferência
 0.0 0.0 22.0 1.0 0.0 2.0 0.0 0.0 0.0 0.0 0.0 0.0 0.0 0.0 1.0 0.0 0.0 |  c = Ciência
 0.0 0.0 0.0 0.0 0.0 0.0 0.0 0.0 0.0 0.0 0.0 0.0 0.0 0.0 0.0 0.0 0.0 |  d = Providência
 1.0 1.0 8.0 0.0 9.0 0.0 6.0 1.0 0.0 0.0 2.0 1.0 5.0 1.0 7.0 8.0 0.0 |  e = Manifestação
 0.0 0.0 0.0 0.0 0.0 6.0 0.0 0.0 0.0 0.0 0.0 0.0 0.0 0.0 0.0 0.0 0.0 |  f = Instrução_e_Prot._de_RPV
 0.0 0.0 1.0 0.0 0.0 0.0 2.0 0.0 0.0 0.0 0.0 0.0 0.0 0.0 1.0 0.0 0.0 |  g = Juntar_Guia
 0.0 0.0 0.0 0.0 0.0 0.0 0.0 10.0 0.0 0.0 0.0 0.0 0.0 0.0 0.0 0.0 0.0 |  h = Devolução_de_Autos
 0.0 1.0 0.0 0.0 0.0 0.0 1.0 0.0 11.0 0.0 0.0 2.0 1.0 0.0 0.0 0.0 0.0 |  i = Agravo_Legal_Regimental
 0.0 0.0 0.0 0.0 0.0 0.0 0.0 0.0 0.0 7.0 4.0 0.0 0.0 0.0 0.0 0.0 0.0 |  j = Impugnação
 0.0 0.0 0.0 0.0 0.0 0.0 0.0 0.0 0.0 0.0 5.0 0.0 0.0 0.0 0.0 0.0 0.0 |  k = Enviado_para_protocolo
 1.0 0.0 0.0 0.0 0.0 0.0 1.0 0.0 2.0 1.0 0.0 9.0 0.0 0.0 0.0 0.0 0.0 |  l = Apelação
 0.0 0.0 1.0 0.0 2.0 0.0 0.0 0.0 0.0 0.0 0.0 2.0 4.0 3.0 2.0 1.0 0.0 |  m = Análise
 0.0 1.0 0.0 0.0 0.0 0.0 0.0 0.0 0.0 0.0 1.0 0.0 1.0 1.0 0.0 1.0 0.0 |  n = Verificação
 0.0 0.0 4.0 0.0 0.0 0.0 0.0 0.0 0.0 0.0 0.0 0.0 0.0 0.0 14.0 0.0 0.0 |  o = Ciência_e_Providências
 0.0 4.0 12.0 1.0 2.0 4.0 2.0 2.0 1.0 2.0 1.0 3.0 0.0 0.0 0.0 17.0 0.0 |  p = Parecer
 0.0 0.0 3.0 0.0 0.0 1.0 1.0 0.0 5.0 1.0 1.0 3.0 0.0 0.0 1.0 0.0 1.0 |  q = Embargos_de_Declaração

Summary
Correctly Classified Instances     127.0     49.0 %
Incorrectly Classified Instances   132.0     50.0 %
Kappa statistic                    0.447457736690694
Total Number of Instances          259



6
ConfusionMatrix
  a  b  c  d  e  f  g  h  i  j  k  l  m  n  o  p  q   <-- classified as
 4.0 0.0 0.0 0.0 0.0 0.0 0.0 0.0 0.0 0.0 0.0 0.0 0.0 0.0 0.0 0.0 0.0 |  a = Réplica
 0.0 2.0 2.0 0.0 0.0 0.0 0.0 0.0 0.0 0.0 0.0 0.0 0.0 1.0 2.0 0.0 0.0 |  b = Conferência
 0.0 0.0 21.0 0.0 1.0 0.0 0.0 0.0 0.0 0.0 0.0 1.0 1.0 0.0 2.0 0.0 0.0 |  c = Ciência
 0.0 0.0 0.0 0.0 0.0 0.0 0.0 0.0 0.0 0.0 0.0 0.0 0.0 0.0 0.0 0.0 0.0 |  d = Providência
 0.0 0.0 10.0 1.0 12.0 0.0 2.0 0.0 1.0 0.0 1.0 2.0 3.0 2.0 6.0 9.0 1.0 |  e = Manifestação
 0.0 0.0 0.0 0.0 0.0 5.0 0.0 0.0 0.0 0.0 0.0 0.0 0.0 0.0 0.0 0.0 0.0 |  f = Instrução_e_Prot._de_RPV
 0.0 0.0 1.0 0.0 0.0 0.0 4.0 0.0 0.0 0.0 0.0 0.0 0.0 0.0 0.0 0.0 0.0 |  g = Juntar_Guia
 0.0 0.0 0.0 0.0 0.0 0.0 0.0 10.0 0.0 0.0 0.0 0.0 0.0 0.0 0.0 0.0 0.0 |  h = Devolução_de_Autos
 0.0 0.0 1.0 0.0 0.0 0.0 0.0 0.0 11.0 1.0 0.0 1.0 1.0 0.0 1.0 0.0 0.0 |  i = Agravo_Legal_Regimental
 0.0 0.0 1.0 0.0 0.0 0.0 0.0 0.0 0.0 7.0 2.0 0.0 0.0 0.0 0.0 0.0 0.0 |  j = Impugnação
 0.0 0.0 0.0 0.0 0.0 0.0 0.0 0.0 0.0 0.0 5.0 0.0 0.0 0.0 0.0 1.0 0.0 |  k = Enviado_para_protocolo
 0.0 0.0 0.0 0.0 0.0 0.0 0.0 0.0 1.0 0.0 0.0 12.0 1.0 0.0 0.0 0.0 0.0 |  l = Apelação
 0.0 0.0 4.0 0.0 1.0 0.0 0.0 1.0 0.0 1.0 0.0 0.0 5.0 0.0 3.0 0.0 0.0 |  m = Análise
 0.0 0.0 1.0 0.0 0.0 1.0 0.0 0.0 0.0 0.0 0.0 0.0 0.0 1.0 1.0 1.0 0.0 |  n = Verificação
 0.0 0.0 8.0 0.0 0.0 0.0 2.0 0.0 0.0 0.0 0.0 1.0 0.0 0.0 7.0 0.0 0.0 |  o = Ciência_e_Providências
 0.0 2.0 7.0 0.0 4.0 2.0 3.0 0.0 2.0 1.0 1.0 4.0 0.0 0.0 2.0 21.0 1.0 |  p = Parecer
 0.0 0.0 1.0 0.0 0.0 1.0 1.0 0.0 3.0 0.0 0.0 3.0 0.0 0.0 0.0 0.0 9.0 |  q = Embargos_de_Declaração

Summary
Correctly Classified Instances     136.0     52.0 %
Incorrectly Classified Instances   123.0     47.0 %
Kappa statistic                    0.47986023805247596
Total Number of Instances          259



7
ConfusionMatrix
  a  b  c  d  e  f  g  h  i  j  k  l  m  n  o  p  q   <-- classified as
 4.0 0.0 0.0 0.0 0.0 0.0 0.0 0.0 0.0 0.0 0.0 0.0 0.0 0.0 0.0 0.0 0.0 |  a = Réplica
 0.0 4.0 1.0 0.0 0.0 1.0 0.0 0.0 0.0 0.0 0.0 0.0 0.0 0.0 1.0 0.0 0.0 |  b = Conferência
 0.0 1.0 19.0 0.0 0.0 1.0 0.0 0.0 0.0 0.0 0.0 1.0 2.0 0.0 2.0 0.0 0.0 |  c = Ciência
 0.0 0.0 0.0 0.0 0.0 0.0 0.0 0.0 0.0 0.0 0.0 0.0 0.0 0.0 0.0 0.0 0.0 |  d = Providência
 0.0 1.0 7.0 0.0 17.0 2.0 1.0 0.0 2.0 0.0 1.0 0.0 8.0 2.0 6.0 3.0 0.0 |  e = Manifestação
 0.0 0.0 0.0 0.0 0.0 5.0 0.0 0.0 0.0 0.0 0.0 0.0 0.0 0.0 0.0 0.0 0.0 |  f = Instrução_e_Prot._de_RPV
 0.0 1.0 0.0 0.0 0.0 0.0 4.0 0.0 0.0 0.0 0.0 0.0 0.0 0.0 0.0 0.0 0.0 |  g = Juntar_Guia
 0.0 0.0 0.0 0.0 0.0 0.0 0.0 10.0 0.0 0.0 0.0 0.0 0.0 0.0 0.0 0.0 0.0 |  h = Devolução_de_Autos
 0.0 0.0 0.0 0.0 0.0 0.0 0.0 0.0 14.0 0.0 0.0 1.0 0.0 0.0 0.0 0.0 1.0 |  i = Agravo_Legal_Regimental
 0.0 0.0 1.0 0.0 1.0 0.0 0.0 0.0 0.0 7.0 1.0 0.0 0.0 0.0 0.0 0.0 0.0 |  j = Impugnação
 0.0 0.0 0.0 0.0 0.0 0.0 0.0 0.0 0.0 0.0 5.0 0.0 0.0 0.0 0.0 0.0 0.0 |  k = Enviado_para_protocolo
 2.0 0.0 0.0 0.0 0.0 0.0 0.0 0.0 0.0 0.0 0.0 13.0 0.0 0.0 0.0 0.0 0.0 |  l = Apelação
 0.0 0.0 2.0 0.0 0.0 0.0 0.0 0.0 0.0 0.0 0.0 1.0 7.0 2.0 2.0 0.0 1.0 |  m = Análise
 0.0 0.0 0.0 0.0 1.0 0.0 0.0 0.0 0.0 0.0 0.0 0.0 2.0 1.0 1.0 0.0 0.0 |  n = Verificação
 0.0 3.0 4.0 0.0 0.0 0.0 0.0 0.0 0.0 0.0 0.0 0.0 0.0 0.0 11.0 0.0 0.0 |  o = Ciência_e_Providências
 1.0 5.0 5.0 0.0 5.0 0.0 2.0 0.0 1.0 1.0 2.0 1.0 1.0 0.0 0.0 26.0 0.0 |  p = Parecer
 0.0 1.0 0.0 0.0 0.0 0.0 1.0 0.0 1.0 0.0 0.0 4.0 0.0 0.0 0.0 0.0 11.0 |  q = Embargos_de_Declaração

Summary
Correctly Classified Instances     158.0     61.0 %
Incorrectly Classified Instances   101.0     38.0 %
Kappa statistic                    0.5738951963642879
Total Number of Instances          259



8
ConfusionMatrix
  a  b  c  d  e  f  g  h  i  j  k  l  m  n  o  p  q   <-- classified as
 4.0 0.0 0.0 0.0 0.0 0.0 0.0 0.0 0.0 0.0 0.0 0.0 0.0 0.0 0.0 0.0 0.0 |  a = Réplica
 0.0 3.0 0.0 0.0 0.0 0.0 0.0 0.0 0.0 0.0 1.0 0.0 0.0 1.0 2.0 0.0 0.0 |  b = Conferência
 0.0 2.0 22.0 0.0 0.0 1.0 0.0 0.0 0.0 0.0 0.0 0.0 0.0 0.0 1.0 0.0 0.0 |  c = Ciência
 0.0 0.0 0.0 0.0 0.0 0.0 0.0 0.0 0.0 0.0 0.0 0.0 0.0 0.0 0.0 0.0 0.0 |  d = Providência
 0.0 1.0 9.0 0.0 15.0 5.0 1.0 0.0 0.0 0.0 4.0 2.0 3.0 2.0 3.0 5.0 0.0 |  e = Manifestação
 0.0 0.0 0.0 0.0 0.0 4.0 0.0 0.0 0.0 0.0 0.0 0.0 0.0 1.0 0.0 0.0 0.0 |  f = Instrução_e_Prot._de_RPV
 0.0 0.0 1.0 0.0 0.0 0.0 4.0 0.0 0.0 0.0 0.0 0.0 0.0 0.0 0.0 0.0 0.0 |  g = Juntar_Guia
 0.0 0.0 0.0 0.0 0.0 0.0 0.0 10.0 0.0 0.0 0.0 0.0 0.0 0.0 0.0 0.0 0.0 |  h = Devolução_de_Autos
 0.0 0.0 0.0 0.0 0.0 0.0 0.0 0.0 14.0 0.0 1.0 0.0 0.0 0.0 0.0 0.0 0.0 |  i = Agravo_Legal_Regimental
 0.0 0.0 2.0 0.0 0.0 0.0 0.0 0.0 0.0 8.0 1.0 0.0 0.0 0.0 0.0 0.0 0.0 |  j = Impugnação
 0.0 0.0 0.0 0.0 0.0 0.0 0.0 0.0 0.0 0.0 5.0 0.0 0.0 0.0 0.0 0.0 0.0 |  k = Enviado_para_protocolo
 0.0 0.0 0.0 0.0 0.0 0.0 0.0 0.0 0.0 0.0 0.0 12.0 0.0 0.0 0.0 1.0 2.0 |  l = Apelação
 0.0 0.0 1.0 0.0 1.0 1.0 0.0 0.0 0.0 1.0 1.0 0.0 7.0 1.0 1.0 0.0 0.0 |  m = Análise
 0.0 1.0 2.0 0.0 0.0 0.0 0.0 0.0 0.0 0.0 0.0 1.0 0.0 2.0 0.0 0.0 0.0 |  n = Verificação
 1.0 3.0 7.0 0.0 0.0 0.0 0.0 0.0 0.0 0.0 0.0 0.0 0.0 0.0 7.0 0.0 0.0 |  o = Ciência_e_Providências
 1.0 0.0 6.0 1.0 3.0 1.0 1.0 0.0 1.0 0.0 5.0 1.0 1.0 3.0 0.0 26.0 0.0 |  p = Parecer
 0.0 0.0 2.0 0.0 0.0 0.0 0.0 0.0 4.0 0.0 0.0 3.0 0.0 0.0 0.0 0.0 9.0 |  q = Embargos_de_Declaração

Summary
Correctly Classified Instances     152.0     58.0 %
Incorrectly Classified Instances   107.0     41.0 %
Kappa statistic                    0.5491768610098907
Total Number of Instances          259



9
ConfusionMatrix
  a  b  c  d  e  f  g  h  i  j  k  l  m  n  o  p  q   <-- classified as
 3.0 0.0 0.0 0.0 0.0 0.0 0.0 0.0 0.0 0.0 0.0 0.0 1.0 0.0 0.0 0.0 0.0 |  a = Réplica
 0.0 4.0 0.0 0.0 0.0 1.0 0.0 0.0 0.0 0.0 0.0 0.0 0.0 0.0 1.0 0.0 0.0 |  b = Conferência
 0.0 1.0 19.0 0.0 1.0 0.0 0.0 0.0 0.0 1.0 1.0 0.0 0.0 1.0 2.0 0.0 1.0 |  c = Ciência
 0.0 0.0 0.0 0.0 0.0 0.0 0.0 0.0 0.0 0.0 0.0 0.0 0.0 0.0 0.0 0.0 0.0 |  d = Providência
 2.0 1.0 4.0 0.0 21.0 3.0 2.0 0.0 0.0 1.0 3.0 0.0 1.0 0.0 5.0 7.0 0.0 |  e = Manifestação
 0.0 0.0 0.0 0.0 0.0 5.0 0.0 0.0 0.0 0.0 0.0 0.0 0.0 0.0 0.0 0.0 0.0 |  f = Instrução_e_Prot._de_RPV
 0.0 0.0 1.0 0.0 0.0 0.0 4.0 0.0 0.0 0.0 0.0 0.0 0.0 0.0 0.0 0.0 0.0 |  g = Juntar_Guia
 0.0 0.0 0.0 0.0 0.0 0.0 0.0 10.0 0.0 0.0 0.0 0.0 0.0 0.0 0.0 0.0 0.0 |  h = Devolução_de_Autos
 0.0 0.0 0.0 0.0 0.0 0.0 0.0 0.0 14.0 0.0 0.0 1.0 0.0 0.0 0.0 0.0 0.0 |  i = Agravo_Legal_Regimental
 0.0 0.0 0.0 0.0 0.0 0.0 0.0 0.0 0.0 9.0 2.0 0.0 0.0 0.0 0.0 0.0 0.0 |  j = Impugnação
 1.0 0.0 0.0 0.0 0.0 0.0 0.0 0.0 0.0 0.0 4.0 0.0 0.0 0.0 0.0 0.0 0.0 |  k = Enviado_para_protocolo
 1.0 0.0 0.0 0.0 0.0 1.0 0.0 0.0 0.0 0.0 0.0 11.0 0.0 0.0 0.0 0.0 2.0 |  l = Apelação
 0.0 0.0 3.0 0.0 1.0 0.0 1.0 0.0 0.0 1.0 0.0 0.0 6.0 0.0 2.0 0.0 0.0 |  m = Análise
 0.0 0.0 2.0 0.0 0.0 1.0 0.0 0.0 0.0 0.0 1.0 0.0 0.0 2.0 0.0 0.0 0.0 |  n = Verificação
 0.0 5.0 4.0 0.0 1.0 0.0 0.0 0.0 0.0 0.0 0.0 0.0 1.0 0.0 7.0 0.0 0.0 |  o = Ciência_e_Providências
 1.0 1.0 4.0 3.0 5.0 5.0 1.0 1.0 0.0 1.0 4.0 4.0 0.0 2.0 1.0 17.0 0.0 |  p = Parecer
 0.0 1.0 1.0 0.0 0.0 0.0 0.0 0.0 0.0 0.0 1.0 6.0 0.0 0.0 0.0 2.0 7.0 |  q = Embargos_de_Declaração

Summary
Correctly Classified Instances     143.0     55.0 %
Incorrectly Classified Instances   116.0     44.0 %
Kappa statistic                    0.511813070748432
Total Number of Instances          259



